       Value   Percentile   TotalCount 1/(1-Percentile)

        0.02     0.000000           62         1.00
        0.03     0.050000        12006         1.05
        0.57     0.100000        18592         1.11
        0.63     0.150000        28062         1.18
        0.79     0.200000        36796         1.25
        0.84     0.250000        46455         1.33
        0.89     0.300000        55611         1.43
        0.94     0.350000        64160         1.54
        0.98     0.400000        72758         1.67
        1.02     0.450000        82968         1.82
        1.06     0.500000        92027         2.00
        1.09     0.525000        96925         2.11
        1.11     0.550000       101169         2.22
        1.14     0.575000       104625         2.35
        1.18     0.600000       109305         2.50
        1.23     0.625000       114204         2.67
        1.29     0.650000       118636         2.86
        1.35     0.675000       123573         3.08
        1.38     0.700000       128228         3.33
        1.41     0.725000       132895         3.64
        1.43     0.750000       137788         4.00
        1.44     0.762500       139132         4.21
        1.46     0.775000       141179         4.44
        1.47     0.787500       143324         4.71
        1.49     0.800000       145864         5.00
        1.50     0.812500       148350         5.33
        1.52     0.825000       150576         5.71
        1.53     0.837500       152719         6.15
        1.55     0.850000       154867         6.67
        1.57     0.862500       156940         7.27
        1.58     0.875000       159095         8.00
        1.60     0.881250       161194         8.42
        1.61     0.887500       162242         8.89
        1.61     0.893750       163265         9.41
        1.62     0.900000       164252        10.00
        1.63     0.906250       165183        10.67
        1.64     0.912500       166170        11.43
        1.65     0.918750       167111        12.31
        1.66     0.925000       168785        13.33
        1.67     0.931250       169594        14.55
        1.69     0.937500       171000        16.00
        1.70     0.940625       171639        16.84
        1.70     0.943750       171639        17.78
        1.70     0.946875       172217        18.82
        1.71     0.950000       172778        20.00
        1.73     0.953125       173791        21.33
        1.74     0.956250       174275        22.86
        1.74     0.959375       174697        24.62
        1.75     0.962500       175091        26.67
        1.77     0.965625       175815        29.09
        1.77     0.968750       176165        32.00
        1.78     0.970313       176461        33.68
        1.79     0.971875       176763        35.56
        1.80     0.973437       177026        37.65
        1.81     0.975000       177283        40.00
        1.82     0.976562       177752        42.67
        1.83     0.978125       177957        45.71
        1.84     0.979688       178148        49.23
        1.85     0.981250       178423        53.33
        1.87     0.982812       178717        58.18
        1.89     0.984375       178988        64.00
        1.90     0.985156       179193        67.37
        1.91     0.985938       179285        71.11
        1.93     0.986719       179428        75.29
        1.94     0.987500       179552        80.00
        1.97     0.988281       179713        85.33
        1.99     0.989062       179845        91.43
        2.02     0.989844       179974        98.46
        2.06     0.990625       180161       106.67
        2.10     0.991406       180274       116.36
        2.14     0.992188       180437       128.00
        2.16     0.992578       180489       134.74
        2.17     0.992969       180541       142.22
        2.21     0.993359       180632       150.59
        2.24     0.993750       180734       160.00
        2.25     0.994141       180797       170.67
        2.27     0.994531       180844       182.86
        2.29     0.994922       180896       196.92
        2.32     0.995313       181000       213.33
        2.33     0.995703       181047       232.73
        2.37     0.996094       181137       256.00
        2.38     0.996289       181187       269.47
        2.38     0.996484       181187       284.44
        2.40     0.996680       181219       301.18
        2.42     0.996875       181260       320.00
        2.43     0.997070       181292       341.33
        2.45     0.997266       181325       365.71
        2.46     0.997461       181367       393.85
        2.48     0.997656       181393       426.67
        2.51     0.997852       181453       465.45
        2.53     0.998047       181479       512.00
        2.54     0.998145       181504       538.95
        2.54     0.998242       181504       568.89
        2.56     0.998340       181522       602.35
        2.58     0.998437       181534       640.00
        2.61     0.998535       181568       682.67
        2.62     0.998633       181588       731.43
        2.62     0.998730       181588       787.69
        2.65     0.998828       181616       853.33
        2.67     0.998926       181631       930.91
        2.69     0.999023       181646      1024.00
        2.70     0.999072       181657      1077.89
        2.72     0.999121       181675      1137.78
        2.72     0.999170       181675      1204.71
        2.73     0.999219       181686      1280.00
        2.73     0.999268       181686      1365.33
        2.75     0.999316       181698      1462.86
        2.77     0.999365       181710      1575.38
        2.78     0.999414       181721      1706.67
        2.78     0.999463       181721      1861.82
        2.80     0.999512       181730      2048.00
        2.81     0.999536       181735      2155.79
        2.83     0.999561       181742      2275.56
        2.85     0.999585       181747      2409.41
        2.85     0.999609       181747      2560.00
        2.86     0.999634       181752      2730.67
        2.88     0.999658       181760      2925.71
        2.90     0.999683       181766      3150.77
        2.90     0.999707       181766      3413.33
        2.91     0.999731       181770      3723.64
        2.96     0.999756       181774      4096.00
        2.98     0.999768       181778      4311.58
        2.99     0.999780       181781      4551.11
        2.99     0.999792       181781      4818.82
        3.01     0.999805       181784      5120.00
        3.02     0.999817       181789      5461.33
        3.02     0.999829       181789      5851.43
        3.04     0.999841       181792      6301.54
        3.04     0.999854       181792      6826.67
        3.09     0.999866       181797      7447.27
        3.09     0.999878       181797      8192.00
        3.09     0.999884       181797      8623.16
        3.12     0.999890       181800      9102.22
        3.12     0.999896       181800      9637.65
        3.20     0.999902       181802     10240.00
        3.20     0.999908       181802     10922.67
        3.23     0.999915       181804     11702.86
        3.23     0.999921       181804     12603.08
        3.25     0.999927       181805     13653.33
        3.26     0.999933       181806     14894.55
        3.29     0.999939       181807     16384.00
        3.31     0.999942       181808     17246.32
        3.33     0.999945       181809     18204.44
        3.33     0.999948       181809     19275.29
        3.36     0.999951       181810     20480.00
        3.36     0.999954       181810     21845.33
        3.38     0.999957       181811     23405.71
        3.38     0.999960       181811     25206.15
        3.39     0.999963       181812     27306.67
        3.39     0.999966       181812     29789.09
        3.41     0.999969       181813     32768.00
        3.41     0.999971       181813     34492.63
        3.44     0.999973       181814     36408.89
        3.44     0.999974       181814     38550.59
        3.44     0.999976       181814     40960.00
        3.44     0.999977       181814     43690.67
        3.49     0.999979       181815     46811.43
        3.49     0.999980       181815     50412.31
        3.49     0.999982       181815     54613.33
        3.49     0.999983       181815     59578.18
        3.57     0.999985       181816     65536.00
        3.57     0.999986       181816     68985.26
        3.57     0.999986       181816     72817.78
        3.57     0.999987       181816     77101.18
        3.57     0.999988       181816     81920.00
        3.57     0.999989       181816     87381.33
        3.63     0.999989       181817     93622.86
        3.63     0.999990       181817    100824.62
        3.63     0.999991       181817    109226.67
        3.63     0.999992       181817    119156.36
        3.63     0.999992       181817    131072.00
        3.63     0.999993       181817    137970.53
        3.63     0.999993       181817    145635.56
        3.63     0.999994       181817    154202.35
        3.63     0.999994       181817    163840.00
        3.63     0.999994       181817    174762.67
        8.77     0.999995       181818    187245.71
        8.77     1.000000       181818          inf
#[Mean    =        1.066, StdDeviation   =        0.476]
#[Max     =        8.767, Total count    =       181818]
#[Buckets =           10, SubBuckets     =          256]
