       Value   Percentile   TotalCount 1/(1-Percentile)

        0.48     0.000000            1         1.00
        0.58     0.050000       131762         1.05
        0.60     0.100000       209248         1.11
        0.61     0.150000       311278         1.18
        0.62     0.200000       374095         1.25
        0.64     0.250000       491450         1.33
        0.65     0.300000       548466         1.43
        0.67     0.350000       638030         1.54
        0.70     0.400000       737878         1.67
        0.81     0.450000       828581         1.82
        0.85     0.500000       917600         2.00
        0.88     0.525000       965484         2.11
        0.90     0.550000      1008288         2.22
        0.94     0.575000      1055050         2.35
        0.97     0.600000      1091299         2.50
        1.02     0.625000      1141069         2.67
        1.06     0.650000      1192160         2.86
        1.09     0.675000      1245142         3.08
        1.10     0.700000      1288312         3.33
        1.12     0.725000      1335245         3.64
        1.14     0.750000      1383805         4.00
        1.14     0.762500      1408352         4.21
        1.15     0.775000      1433137         4.44
        1.15     0.787500      1433137         4.71
        1.16     0.800000      1458133         5.00
        1.17     0.812500      1483348         5.33
        1.18     0.825000      1508554         5.71
        1.18     0.837500      1533308         6.15
        1.19     0.850000      1557463         6.67
        1.20     0.862500      1580543         7.27
        1.21     0.875000      1602354         8.00
        1.21     0.881250      1602354         8.42
        1.22     0.887500      1622649         8.89
        1.22     0.893750      1641750         9.41
        1.22     0.900000      1641750        10.00
        1.23     0.906250      1659124        10.67
        1.23     0.912500      1659124        11.43
        1.24     0.918750      1674825        12.31
        1.25     0.925000      1688937        13.33
        1.25     0.931250      1701688        14.55
        1.26     0.937500      1713351        16.00
        1.26     0.940625      1713351        16.84
        1.27     0.943750      1723689        17.78
        1.27     0.946875      1723689        18.82
        1.28     0.950000      1733246        20.00
        1.28     0.953125      1733246        21.33
        1.29     0.956250      1741974        22.86
        1.29     0.959375      1749770        24.62
        1.30     0.962500      1756771        26.67
        1.30     0.965625      1756771        29.09
        1.31     0.968750      1763166        32.00
        1.32     0.970313      1768946        33.68
        1.32     0.971875      1768946        35.56
        1.33     0.973437      1774123        37.65
        1.33     0.975000      1774123        40.00
        1.33     0.976562      1778719        42.67
        1.33     0.978125      1778719        45.71
        1.34     0.979688      1782844        49.23
        1.35     0.981250      1786423        53.33
        1.36     0.982812      1789533        58.18
        1.37     0.984375      1792286        64.00
        1.37     0.985156      1792286        67.37
        1.38     0.985938      1794737        71.11
        1.38     0.986719      1794737        75.29
        1.38     0.987500      1796853        80.00
        1.39     0.988281      1798618        85.33
        1.39     0.989062      1798618        91.43
        1.40     0.989844      1800167        98.46
        1.41     0.990625      1801564       106.67
        1.42     0.991406      1802719       116.36
        1.43     0.992188      1804711       128.00
        1.43     0.992578      1804711       134.74
        1.44     0.992969      1805440       142.22
        1.45     0.993359      1806151       150.59
        1.46     0.993750      1807264       160.00
        1.47     0.994141      1807707       170.67
        1.49     0.994531      1808456       182.86
        1.50     0.994922      1809059       196.92
        1.53     0.995313      1809831       213.33
        1.55     0.995703      1810572       232.73
        1.57     0.996094      1811286       256.00
        1.58     0.996289      1811519       269.47
        1.60     0.996484      1811975       284.44
        1.61     0.996680      1812189       301.18
        1.62     0.996875      1812633       320.00
        1.63     0.997070      1812862       341.33
        1.65     0.997266      1813281       365.71
        1.66     0.997461      1813660       393.85
        1.68     0.997656      1814035       426.67
        1.70     0.997852      1814397       465.45
        1.71     0.998047      1814733       512.00
        1.72     0.998145      1814878       538.95
        1.73     0.998242      1815045       568.89
        1.74     0.998340      1815181       602.35
        1.75     0.998437      1815438       640.00
        1.76     0.998535      1815551       682.67
        1.77     0.998633      1815756       731.43
        1.79     0.998730      1815925       787.69
        1.81     0.998828      1816082       853.33
        1.82     0.998926      1816263       930.91
        1.85     0.999023      1816408      1024.00
        1.86     0.999072      1816525      1077.89
        1.87     0.999121      1816584      1137.78
        1.89     0.999170      1816680      1204.71
        1.90     0.999219      1816777      1280.00
        1.93     0.999268      1816880      1365.33
        1.94     0.999316      1816956      1462.86
        1.97     0.999365      1817069      1575.38
        1.98     0.999414      1817124      1706.67
        2.01     0.999463      1817211      1861.82
        2.04     0.999512      1817308      2048.00
        2.06     0.999536      1817379      2155.79
        2.08     0.999561      1817427      2275.56
        2.10     0.999585      1817490      2409.41
        2.10     0.999609      1817490      2560.00
        2.11     0.999634      1817533      2730.67
        2.13     0.999658      1817576      2925.71
        2.14     0.999683      1817617      3150.77
        2.16     0.999707      1817650      3413.33
        2.19     0.999731      1817726      3723.64
        2.21     0.999756      1817757      4096.00
        2.22     0.999768      1817778      4311.58
        2.24     0.999780      1817792      4551.11
        2.25     0.999792      1817813      4818.82
        2.27     0.999805      1817829      5120.00
        2.30     0.999817      1817861      5461.33
        2.32     0.999829      1817875      5851.43
        2.37     0.999841      1817909      6301.54
        2.38     0.999854      1817926      6826.67
        2.40     0.999866      1817939      7447.27
        2.43     0.999878      1817965      8192.00
        2.45     0.999884      1817976      8623.16
        2.46     0.999890      1817990      9102.22
        2.48     0.999896      1818004      9637.65
        2.50     0.999902      1818013     10240.00
        2.51     0.999908      1818020     10922.67
        2.54     0.999915      1818035     11702.86
        2.56     0.999921      1818045     12603.08
        2.58     0.999927      1818052     13653.33
        2.59     0.999933      1818061     14894.55
        2.64     0.999939      1818075     16384.00
        2.65     0.999942      1818080     17246.32
        2.69     0.999945      1818088     18204.44
        2.69     0.999948      1818088     19275.29
        2.73     0.999951      1818097     20480.00
        2.75     0.999954      1818101     21845.33
        2.78     0.999957      1818106     23405.71
        2.81     0.999960      1818112     25206.15
        2.86     0.999963      1818117     27306.67
        2.90     0.999966      1818125     29789.09
        2.91     0.999969      1818127     32768.00
        2.94     0.999971      1818131     34492.63
        2.98     0.999973      1818133     36408.89
        2.99     0.999974      1818136     38550.59
        3.04     0.999976      1818140     40960.00
        3.09     0.999977      1818142     43690.67
        3.10     0.999979      1818144     46811.43
        3.12     0.999980      1818146     50412.31
        3.13     0.999982      1818150     54613.33
        3.15     0.999983      1818152     59578.18
        3.21     0.999985      1818156     65536.00
        3.21     0.999986      1818156     68985.26
        3.26     0.999986      1818158     72817.78
        3.33     0.999987      1818159     77101.18
        3.36     0.999988      1818160     81920.00
        3.42     0.999989      1818162     87381.33
        3.46     0.999989      1818163     93622.86
        3.52     0.999990      1818164    100824.62
        3.55     0.999991      1818166    109226.67
        3.62     0.999992      1818167    119156.36
        3.71     0.999992      1818169    131072.00
        3.71     0.999993      1818169    137970.53
        3.77     0.999993      1818171    145635.56
        3.77     0.999994      1818171    154202.35
        3.77     0.999994      1818171    163840.00
        3.87     0.999994      1818172    174762.67
        3.90     0.999995      1818174    187245.71
        3.90     0.999995      1818174    201649.23
        3.90     0.999995      1818174    218453.33
        4.00     0.999996      1818175    238312.73
        6.78     0.999996      1818176    262144.00
        6.78     0.999996      1818176    275941.05
        6.78     0.999997      1818176    291271.11
        6.97     0.999997      1818177    308404.71
        6.97     0.999997      1818177    327680.00
        6.97     0.999997      1818177    349525.33
        7.29     0.999997      1818178    374491.43
        7.29     0.999998      1818178    403298.46
        7.29     0.999998      1818178    436906.67
        8.16     0.999998      1818179    476625.45
        8.16     0.999998      1818179    524288.00
        8.16     0.999998      1818179    551882.11
        8.16     0.999998      1818179    582542.22
        8.38     0.999998      1818180    616809.41
        8.38     0.999998      1818180    655360.00
        8.38     0.999999      1818180    699050.67
        8.38     0.999999      1818180    748982.86
        8.38     0.999999      1818180    806596.92
        8.38     0.999999      1818180    873813.33
        9.60     0.999999      1818181    953250.91
        9.60     0.999999      1818181   1048576.00
        9.60     0.999999      1818181   1103764.21
        9.60     0.999999      1818181   1165084.44
        9.60     0.999999      1818181   1233618.82
        9.60     0.999999      1818181   1310720.00
        9.60     0.999999      1818181   1398101.33
        9.60     0.999999      1818181   1497965.71
        9.60     0.999999      1818181   1613193.85
        9.60     0.999999      1818181   1747626.67
       11.39     0.999999      1818182   1906501.82
       11.39     1.000000      1818182          inf
#[Mean    =        0.886, StdDeviation   =        0.259]
#[Max     =       11.391, Total count    =      1818182]
#[Buckets =           10, SubBuckets     =          256]
