       Value   Percentile   TotalCount 1/(1-Percentile)

        0.02     0.000000           62         1.00
        0.57     0.050000       100901         1.05
        0.60     0.100000       232844         1.11
        0.61     0.150000       337520         1.18
        0.62     0.200000       401357         1.25
        0.64     0.250000       520242         1.33
        0.66     0.300000       620523         1.43
        0.69     0.350000       720441         1.54
        0.73     0.400000       800030         1.67
        0.83     0.450000       914353         1.82
        0.87     0.500000      1002790         2.00
        0.90     0.525000      1051703         2.11
        0.93     0.550000      1106187         2.22
        0.96     0.575000      1150355         2.35
        1.01     0.600000      1205971         2.50
        1.05     0.625000      1255651         2.67
        1.07     0.650000      1301554         2.86
        1.09     0.675000      1364564         3.08
        1.11     0.700000      1412694         3.33
        1.13     0.725000      1463003         3.64
        1.14     0.750000      1513949         4.00
        1.15     0.762500      1539675         4.21
        1.16     0.775000      1565630         4.44
        1.17     0.787500      1591758         4.71
        1.18     0.800000      1617859         5.00
        1.18     0.812500      1643452         5.33
        1.19     0.825000      1668368         5.71
        1.20     0.837500      1692122         6.15
        1.21     0.850000      1714588         6.67
        1.22     0.862500      1735540         7.27
        1.22     0.875000      1755308         8.00
        1.23     0.881250      1773328         8.42
        1.24     0.887500      1789589         8.89
        1.24     0.893750      1789589         9.41
        1.25     0.900000      1804290        10.00
        1.25     0.906250      1817619        10.67
        1.26     0.912500      1829803        11.43
        1.27     0.918750      1840666        12.31
        1.28     0.925000      1850766        13.33
        1.29     0.931250      1868406        14.55
        1.30     0.937500      1875991        16.00
        1.31     0.940625      1882974        16.84
        1.32     0.943750      1889372        17.78
        1.33     0.946875      1895226        18.82
        1.33     0.950000      1900579        20.00
        1.35     0.953125      1909996        21.33
        1.36     0.956250      1914103        22.86
        1.38     0.959375      1921562        24.62
        1.38     0.962500      1925081        26.67
        1.40     0.965625      1931427        29.09
        1.42     0.968750      1939914        32.00
        1.43     0.970313      1942499        33.68
        1.44     0.971875      1944572        35.56
        1.46     0.973437      1947921        37.65
        1.47     0.975000      1951031        40.00
        1.49     0.976562      1954320        42.67
        1.50     0.978125      1957409        45.71
        1.52     0.979688      1960153        49.23
        1.53     0.981250      1962817        53.33
        1.56     0.982812      1966744        58.18
        1.57     0.984375      1969319        64.00
        1.58     0.985156      1970614        67.37
        1.60     0.985938      1973169        71.11
        1.61     0.986719      1974431        75.29
        1.61     0.987500      1975672        80.00
        1.62     0.988281      1976885        85.33
        1.64     0.989062      1979255        91.43
        1.65     0.989844      1980392        98.46
        1.66     0.990625      1981473       106.67
        1.67     0.991406      1983436       116.36
        1.68     0.992188      1984381       128.00
        1.69     0.992578      1985213       134.74
        1.70     0.992969      1986036       142.22
        1.70     0.993359      1986777       150.59
        1.71     0.993750      1987511       160.00
        1.73     0.994141      1988836       170.67
        1.74     0.994531      1989456       182.86
        1.74     0.994922      1990017       196.92
        1.76     0.995313      1991020       213.33
        1.77     0.995703      1991461       232.73
        1.78     0.996094      1992304       256.00
        1.79     0.996289      1992688       269.47
        1.80     0.996484      1993033       284.44
        1.81     0.996680      1993365       301.18
        1.82     0.996875      1994015       320.00
        1.83     0.997070      1994271       341.33
        1.85     0.997266      1994704       365.71
        1.86     0.997461      1995083       393.85
        1.88     0.997656      1995490       426.67
        1.90     0.997852      1995831       465.45
        1.92     0.998047      1996193       512.00
        1.93     0.998145      1996308       538.95
        1.94     0.998242      1996508       568.89
        1.96     0.998340      1996689       602.35
        1.98     0.998437      1996928       640.00
        2.00     0.998535      1997087       682.67
        2.02     0.998633      1997269       731.43
        2.06     0.998730      1997540       787.69
        2.10     0.998828      1997764       853.33
        2.11     0.998926      1997863       930.91
        2.14     0.999023      1998054      1024.00
        2.17     0.999072      1998227      1077.89
        2.19     0.999121      1998323      1137.78
        2.21     0.999170      1998389      1204.71
        2.22     0.999219      1998459      1280.00
        2.25     0.999268      1998610      1365.33
        2.27     0.999316      1998673      1462.86
        2.29     0.999365      1998736      1575.38
        2.32     0.999414      1998875      1706.67
        2.33     0.999463      1998933      1861.82
        2.37     0.999512      1999046      2048.00
        2.38     0.999536      1999113      2155.79
        2.40     0.999561      1999158      2275.56
        2.42     0.999585      1999214      2409.41
        2.43     0.999609      1999257      2560.00
        2.45     0.999634      1999301      2730.67
        2.46     0.999658      1999357      2925.71
        2.48     0.999683      1999397      3150.77
        2.50     0.999707      1999430      3413.33
        2.51     0.999731      1999473      3723.64
        2.54     0.999756      1999539      4096.00
        2.54     0.999768      1999539      4311.58
        2.56     0.999780      1999567      4551.11
        2.58     0.999792      1999586      4818.82
        2.61     0.999805      1999632      5120.00
        2.62     0.999817      1999653      5461.33
        2.64     0.999829      1999678      5851.43
        2.65     0.999841      1999696      6301.54
        2.67     0.999854      1999713      6826.67
        2.69     0.999866      1999734      7447.27
        2.72     0.999878      1999768      8192.00
        2.73     0.999884      1999783      8623.16
        2.73     0.999890      1999783      9102.22
        2.75     0.999896      1999799      9637.65
        2.77     0.999902      1999813     10240.00
        2.78     0.999908      1999827     10922.67
        2.80     0.999915      1999838     11702.86
        2.81     0.999921      1999847     12603.08
        2.83     0.999927      1999855     13653.33
        2.86     0.999933      1999869     14894.55
        2.88     0.999939      1999880     16384.00
        2.90     0.999942      1999891     17246.32
        2.90     0.999945      1999891     18204.44
        2.91     0.999948      1999897     19275.29
        2.94     0.999951      1999904     20480.00
        2.98     0.999954      1999911     21845.33
        2.99     0.999957      1999917     23405.71
        3.01     0.999960      1999921     25206.15
        3.04     0.999963      1999932     27306.67
        3.07     0.999966      1999933     29789.09
        3.09     0.999969      1999939     32768.00
        3.12     0.999971      1999946     34492.63
        3.12     0.999973      1999946     36408.89
        3.13     0.999974      1999950     38550.59
        3.15     0.999976      1999952     40960.00
        3.20     0.999977      1999956     43690.67
        3.21     0.999979      1999958     46811.43
        3.23     0.999980      1999961     50412.31
        3.26     0.999982      1999964     54613.33
        3.33     0.999983      1999968     59578.18
        3.36     0.999985      1999970     65536.00
        3.38     0.999986      1999972     68985.26
        3.39     0.999986      1999973     72817.78
        3.42     0.999987      1999975     77101.18
        3.44     0.999988      1999976     81920.00
        3.49     0.999989      1999978     87381.33
        3.52     0.999989      1999979     93622.86
        3.55     0.999990      1999981    100824.62
        3.57     0.999991      1999982    109226.67
        3.63     0.999992      1999985    119156.36
        3.63     0.999992      1999985    131072.00
        3.71     0.999993      1999986    137970.53
        3.77     0.999993      1999988    145635.56
        3.77     0.999994      1999988    154202.35
        3.77     0.999994      1999988    163840.00
        3.87     0.999994      1999989    174762.67
        3.90     0.999995      1999991    187245.71
        3.90     0.999995      1999991    201649.23
        3.90     0.999995      1999991    218453.33
        4.00     0.999996      1999992    238312.73
        6.78     0.999996      1999993    262144.00
        6.78     0.999996      1999993    275941.05
        6.97     0.999997      1999994    291271.11
        6.97     0.999997      1999994    308404.71
        6.97     0.999997      1999994    327680.00
        7.29     0.999997      1999995    349525.33
        7.29     0.999997      1999995    374491.43
        8.16     0.999998      1999996    403298.46
        8.16     0.999998      1999996    436906.67
        8.16     0.999998      1999996    476625.45
        8.38     0.999998      1999997    524288.00
        8.38     0.999998      1999997    551882.11
        8.38     0.999998      1999997    582542.22
        8.38     0.999998      1999997    616809.41
        8.38     0.999998      1999997    655360.00
        8.77     0.999999      1999998    699050.67
        8.77     0.999999      1999998    748982.86
        8.77     0.999999      1999998    806596.92
        8.77     0.999999      1999998    873813.33
        8.77     0.999999      1999998    953250.91
        9.60     0.999999      1999999   1048576.00
        9.60     0.999999      1999999   1103764.21
        9.60     0.999999      1999999   1165084.44
        9.60     0.999999      1999999   1233618.82
        9.60     0.999999      1999999   1310720.00
        9.60     0.999999      1999999   1398101.33
        9.60     0.999999      1999999   1497965.71
        9.60     0.999999      1999999   1613193.85
        9.60     0.999999      1999999   1747626.67
        9.60     0.999999      1999999   1906501.82
       11.39     1.000000      2000000   2097152.00
       11.39     1.000000      2000000          inf
#[Mean    =        0.902, StdDeviation   =        0.290]
#[Max     =       11.391, Total count    =      2000000]
#[Buckets =           10, SubBuckets     =          256]
