       Value   Percentile   TotalCount 1/(1-Percentile)

        0.49     0.000000            1         1.00
        0.64     0.050000       138072         1.05
        0.65     0.100000       235122         1.11
        0.66     0.150000       315199         1.18
        0.66     0.200000       368429         1.25
        0.68     0.250000       463203         1.33
        0.69     0.300000       625927         1.43
        0.70     0.350000       684718         1.54
        0.72     0.400000       729356         1.67
        0.87     0.450000       825139         1.82
        0.94     0.500000       920963         2.00
        0.96     0.525000       956771         2.11
        0.99     0.550000      1001878         2.22
        1.03     0.575000      1049101         2.35
        1.09     0.600000      1095359         2.50
        1.14     0.625000      1144242         2.67
        1.16     0.650000      1186969         2.86
        1.18     0.675000      1242597         3.08
        1.20     0.700000      1285018         3.33
        1.22     0.725000      1330937         3.64
        1.23     0.750000      1378658         4.00
        1.24     0.762500      1403045         4.21
        1.25     0.775000      1427377         4.44
        1.25     0.787500      1451375         4.71
        1.26     0.800000      1475278         5.00
        1.27     0.812500      1498541         5.33
        1.28     0.825000      1521218         5.71
        1.29     0.837500      1542981         6.15
        1.29     0.850000      1563801         6.67
        1.30     0.862500      1583690         7.27
        1.31     0.875000      1602642         8.00
        1.31     0.881250      1602642         8.42
        1.32     0.887500      1620508         8.89
        1.33     0.893750      1637318         9.41
        1.33     0.900000      1637318        10.00
        1.33     0.906250      1652968        10.67
        1.34     0.912500      1667791        11.43
        1.35     0.918750      1681374        12.31
        1.36     0.925000      1693936        13.33
        1.36     0.931250      1693936        14.55
        1.37     0.937500      1705729        16.00
        1.38     0.940625      1716744        16.84
        1.38     0.943750      1716744        17.78
        1.38     0.946875      1726786        18.82
        1.39     0.950000      1735997        20.00
        1.39     0.953125      1735997        21.33
        1.40     0.956250      1744491        22.86
        1.40     0.959375      1744491        24.62
        1.41     0.962500      1752073        26.67
        1.42     0.965625      1758914        29.09
        1.42     0.968750      1765046        32.00
        1.42     0.970313      1765046        33.68
        1.43     0.971875      1770776        35.56
        1.43     0.973437      1770776        37.65
        1.44     0.975000      1775763        40.00
        1.44     0.976562      1775763        42.67
        1.45     0.978125      1780262        45.71
        1.46     0.979688      1784369        49.23
        1.46     0.981250      1784369        53.33
        1.46     0.982812      1788072        58.18
        1.47     0.984375      1791315        64.00
        1.47     0.985156      1791315        67.37
        1.48     0.985938      1794154        71.11
        1.48     0.986719      1794154        75.29
        1.49     0.987500      1796652        80.00
        1.50     0.988281      1798815        85.33
        1.50     0.989062      1798815        91.43
        1.50     0.989844      1800627        98.46
        1.51     0.990625      1802290       106.67
        1.52     0.991406      1803703       116.36
        1.53     0.992188      1804884       128.00
        1.53     0.992578      1804884       134.74
        1.53     0.992969      1805884       142.22
        1.54     0.993359      1806700       150.59
        1.55     0.993750      1807412       160.00
        1.56     0.994141      1808025       170.67
        1.57     0.994531      1808580       182.86
        1.57     0.994922      1809018       196.92
        1.59     0.995313      1809728       213.33
        1.61     0.995703      1810430       232.73
        1.66     0.996094      1811153       256.00
        1.68     0.996289      1811457       269.47
        1.71     0.996484      1811890       284.44
        1.74     0.996680      1812220       301.18
        1.76     0.996875      1812548       320.00
        1.78     0.997070      1812918       341.33
        1.81     0.997266      1813265       365.71
        1.83     0.997461      1813673       393.85
        1.85     0.997656      1813943       426.67
        1.87     0.997852      1814334       465.45
        1.90     0.998047      1814738       512.00
        1.90     0.998145      1814863       538.95
        1.92     0.998242      1815073       568.89
        1.93     0.998340      1815176       602.35
        1.94     0.998437      1815379       640.00
        1.96     0.998535      1815572       682.67
        1.98     0.998633      1815748       731.43
        1.99     0.998730      1815899       787.69
        2.02     0.998828      1816097       853.33
        2.04     0.998926      1816273       930.91
        2.08     0.999023      1816471      1024.00
        2.10     0.999072      1816549      1077.89
        2.11     0.999121      1816605      1137.78
        2.14     0.999170      1816711      1204.71
        2.17     0.999219      1816798      1280.00
        2.21     0.999268      1816867      1365.33
        2.27     0.999316      1816942      1462.86
        2.40     0.999365      1817036      1575.38
        2.48     0.999414      1817117      1706.67
        2.56     0.999463      1817216      1861.82
        2.65     0.999512      1817304      2048.00
        2.72     0.999536      1817346      2155.79
        2.90     0.999561      1817383      2275.56
        3.41     0.999585      1817428      2409.41
        4.06     0.999609      1817476      2560.00
        4.25     0.999634      1817517      2730.67
        4.48     0.999658      1817565      2925.71
        4.64     0.999683      1817616      3150.77
        4.77     0.999707      1817654      3413.33
        4.86     0.999731      1817696      3723.64
        4.96     0.999756      1817743      4096.00
        5.02     0.999768      1817770      4311.58
        5.09     0.999780      1817794      4551.11
        5.12     0.999792      1817806      4818.82
        5.18     0.999805      1817831      5120.00
        5.25     0.999817      1817852      5461.33
        5.34     0.999829      1817873      5851.43
        5.47     0.999841      1817898      6301.54
        5.60     0.999854      1817916      6826.67
        5.86     0.999866      1817940      7447.27
        6.08     0.999878      1817962      8192.00
        6.17     0.999884      1817973      8623.16
        6.27     0.999890      1817983      9102.22
        6.37     0.999896      1817995      9637.65
        6.46     0.999902      1818009     10240.00
        6.59     0.999908      1818018     10922.67
        6.78     0.999915      1818027     11702.86
        6.97     0.999921      1818040     12603.08
        7.07     0.999927      1818049     13653.33
        7.29     0.999933      1818060     14894.55
        7.62     0.999939      1818073     16384.00
        7.65     0.999942      1818078     17246.32
        7.74     0.999945      1818083     18204.44
        7.87     0.999948      1818089     19275.29
        7.97     0.999951      1818094     20480.00
        8.03     0.999954      1818099     21845.33
        8.19     0.999957      1818105     23405.71
        8.64     0.999960      1818110     25206.15
        9.21     0.999963      1818116     27306.67
       10.37     0.999966      1818122     29789.09
       10.49     0.999969      1818127     32768.00
       10.56     0.999971      1818130     34492.63
       10.69     0.999973      1818134     36408.89
       10.88     0.999974      1818135     38550.59
       10.94     0.999976      1818138     40960.00
       11.07     0.999977      1818141     43690.67
       11.20     0.999979      1818146     46811.43
       11.20     0.999980      1818146     50412.31
       11.39     0.999982      1818149     54613.33
       11.52     0.999983      1818152     59578.18
       11.65     0.999985      1818155     65536.00
       11.71     0.999986      1818157     68985.26
       11.90     0.999986      1818158     72817.78
       12.03     0.999987      1818159     77101.18
       12.10     0.999988      1818161     81920.00
       12.29     0.999989      1818162     87381.33
       12.35     0.999989      1818163     93622.86
       12.41     0.999990      1818165    100824.62
       12.48     0.999991      1818167    109226.67
       12.48     0.999992      1818167    119156.36
       12.61     0.999992      1818169    131072.00
       12.61     0.999993      1818169    137970.53
       12.99     0.999993      1818170    145635.56
       13.18     0.999994      1818172    154202.35
       13.18     0.999994      1818172    163840.00
       13.18     0.999994      1818172    174762.67
       13.25     0.999995      1818175    187245.71
       13.25     0.999995      1818175    201649.23
       13.25     0.999995      1818175    218453.33
       13.25     0.999996      1818175    238312.73
       13.31     0.999996      1818177    262144.00
       13.31     0.999996      1818177    275941.05
       13.31     0.999997      1818177    291271.11
       13.31     0.999997      1818177    308404.71
       13.31     0.999997      1818177    327680.00
       13.31     0.999997      1818177    349525.33
       13.38     0.999997      1818179    374491.43
       13.38     0.999998      1818179    403298.46
       13.38     0.999998      1818179    436906.67
       13.38     0.999998      1818179    476625.45
       13.38     0.999998      1818179    524288.00
       13.38     0.999998      1818179    551882.11
       13.38     0.999998      1818179    582542.22
       13.44     0.999998      1818180    616809.41
       13.44     0.999998      1818180    655360.00
       13.44     0.999999      1818180    699050.67
       13.44     0.999999      1818180    748982.86
       13.44     0.999999      1818180    806596.92
       13.44     0.999999      1818180    873813.33
       13.50     0.999999      1818181    953250.91
       13.50     0.999999      1818181   1048576.00
       13.50     0.999999      1818181   1103764.21
       13.50     0.999999      1818181   1165084.44
       13.50     0.999999      1818181   1233618.82
       13.50     0.999999      1818181   1310720.00
       13.50     0.999999      1818181   1398101.33
       13.50     0.999999      1818181   1497965.71
       13.50     0.999999      1818181   1613193.85
       13.50     0.999999      1818181   1747626.67
       29.31     0.999999      1818182   1906501.82
       29.31     1.000000      1818182          inf
#[Mean    =        0.961, StdDeviation   =        0.305]
#[Max     =       29.311, Total count    =      1818182]
#[Buckets =           10, SubBuckets     =          256]
