       Value   Percentile   TotalCount 1/(1-Percentile)

        0.02     0.000000          468         1.00
        0.03     0.050000        11480         1.05
        0.57     0.100000        22287         1.11
        0.57     0.150000        32965         1.18
        0.58     0.200000        42121         1.25
        0.59     0.250000        50099         1.33
        0.60     0.300000        59047         1.43
        0.61     0.350000        67025         1.54
        0.62     0.400000        75112         1.67
        0.69     0.450000        82118         1.82
        0.95     0.500000        91106         2.00
        0.97     0.525000        96686         2.11
        0.99     0.550000       100325         2.22
        1.01     0.575000       106521         2.35
        1.03     0.600000       109751         2.50
        1.09     0.625000       113731         2.67
        1.26     0.650000       118250         2.86
        1.30     0.675000       122909         3.08
        1.33     0.700000       129092         3.33
        1.34     0.725000       133315         3.64
        1.36     0.750000       137956         4.00
        1.37     0.762500       140846         4.21
        1.38     0.775000       144277         4.44
        1.38     0.787500       144277         4.71
        1.38     0.800000       148192         5.00
        1.38     0.812500       148192         5.33
        1.39     0.825000       152310         5.71
        1.39     0.837500       152310         6.15
        1.40     0.850000       156521         6.67
        1.41     0.862500       160512         7.27
        1.41     0.875000       160512         8.00
        1.41     0.881250       160512         8.42
        1.42     0.887500       164117         8.89
        1.42     0.893750       164117         9.41
        1.42     0.900000       164117        10.00
        1.42     0.906250       167352        10.67
        1.42     0.912500       167352        11.43
        1.42     0.918750       167352        12.31
        1.43     0.925000       170200        13.33
        1.43     0.931250       170200        14.55
        1.44     0.937500       172087        16.00
        1.44     0.940625       172087        16.84
        1.44     0.943750       172087        17.78
        1.45     0.946875       173120        18.82
        1.45     0.950000       173120        20.00
        1.46     0.953125       173897        21.33
        1.46     0.956250       173897        22.86
        1.46     0.959375       174768        24.62
        1.47     0.962500       175718        26.67
        1.47     0.965625       175718        29.09
        1.48     0.968750       176358        32.00
        1.49     0.970313       176701        33.68
        1.50     0.971875       176903        35.56
        1.50     0.973437       177086        37.65
        1.52     0.975000       177331        40.00
        1.54     0.976562       177631        42.67
        1.57     0.978125       177879        45.71
        1.60     0.979688       178183        49.23
        1.63     0.981250       178445        53.33
        1.67     0.982812       178703        58.18
        1.73     0.984375       179021        64.00
        1.75     0.985156       179129        67.37
        1.78     0.985938       179281        71.11
        1.82     0.986719       179404        75.29
        1.87     0.987500       179556        80.00
        1.91     0.988281       179706        85.33
        1.95     0.989062       179860        91.43
        2.00     0.989844       179984        98.46
        2.04     0.990625       180128       106.67
        2.10     0.991406       180288       116.36
        2.14     0.992188       180401       128.00
        2.19     0.992578       180488       134.74
        2.22     0.992969       180542       142.22
        2.27     0.993359       180629       150.59
        2.32     0.993750       180714       160.00
        2.35     0.994141       180764       170.67
        2.40     0.994531       180858       182.86
        2.43     0.994922       180932       196.92
        2.45     0.995313       180967       213.33
        2.48     0.995703       181044       232.73
        2.51     0.996094       181109       256.00
        2.54     0.996289       181167       269.47
        2.56     0.996484       181193       284.44
        2.58     0.996680       181217       301.18
        2.61     0.996875       181268       320.00
        2.62     0.997070       181294       341.33
        2.65     0.997266       181333       365.71
        2.69     0.997461       181379       393.85
        2.72     0.997656       181416       426.67
        2.73     0.997852       181433       465.45
        2.78     0.998047       181481       512.00
        2.78     0.998145       181481       538.95
        2.81     0.998242       181513       568.89
        2.83     0.998340       181524       602.35
        2.85     0.998437       181547       640.00
        2.86     0.998535       181563       682.67
        2.88     0.998633       181576       731.43
        2.90     0.998730       181591       787.69
        2.93     0.998828       181609       853.33
        2.94     0.998926       181624       930.91
        2.98     0.999023       181650      1024.00
        2.98     0.999072       181650      1077.89
        2.99     0.999121       181661      1137.78
        3.01     0.999170       181675      1204.71
        3.02     0.999219       181685      1280.00
        3.02     0.999268       181685      1365.33
        3.06     0.999316       181699      1462.86
        3.07     0.999365       181707      1575.38
        3.09     0.999414       181718      1706.67
        3.10     0.999463       181724      1861.82
        3.12     0.999512       181731      2048.00
        3.13     0.999536       181737      2155.79
        3.15     0.999561       181740      2275.56
        3.17     0.999585       181744      2409.41
        3.20     0.999609       181748      2560.00
        3.25     0.999634       181752      2730.67
        3.28     0.999658       181756      2925.71
        3.34     0.999683       181761      3150.77
        3.54     0.999707       181765      3413.33
        4.01     0.999731       181770      3723.64
        4.45     0.999756       181774      4096.00
        4.61     0.999768       181776      4311.58
        4.70     0.999780       181779      4551.11
        4.89     0.999792       181781      4818.82
        5.02     0.999805       181784      5120.00
        5.05     0.999817       181787      5461.33
        5.05     0.999829       181787      5851.43
        5.15     0.999841       181790      6301.54
        5.21     0.999854       181792      6826.67
        5.25     0.999866       181794      7447.27
        5.31     0.999878       181796      8192.00
        5.34     0.999884       181798      8623.16
        5.47     0.999890       181799      9102.22
        5.70     0.999896       181800      9637.65
        5.82     0.999902       181801     10240.00
        5.86     0.999908       181802     10922.67
        5.89     0.999915       181803     11702.86
        6.40     0.999921       181804     12603.08
        6.62     0.999927       181806     13653.33
        6.62     0.999933       181806     14894.55
        6.72     0.999939       181807     16384.00
        6.85     0.999942       181808     17246.32
        7.26     0.999945       181809     18204.44
        7.26     0.999948       181809     19275.29
        7.39     0.999951       181810     20480.00
        7.39     0.999954       181810     21845.33
        7.58     0.999957       181811     23405.71
        7.58     0.999960       181811     25206.15
        8.13     0.999963       181812     27306.67
        8.13     0.999966       181812     29789.09
       11.01     0.999969       181813     32768.00
       11.01     0.999971       181813     34492.63
       11.71     0.999973       181814     36408.89
       11.71     0.999974       181814     38550.59
       11.71     0.999976       181814     40960.00
       11.71     0.999977       181814     43690.67
       11.78     0.999979       181815     46811.43
       11.78     0.999980       181815     50412.31
       11.78     0.999982       181815     54613.33
       11.78     0.999983       181815     59578.18
       11.84     0.999985       181816     65536.00
       11.84     0.999986       181816     68985.26
       11.84     0.999986       181816     72817.78
       11.84     0.999987       181816     77101.18
       11.84     0.999988       181816     81920.00
       11.84     0.999989       181816     87381.33
       12.67     0.999989       181817     93622.86
       12.67     0.999990       181817    100824.62
       12.67     0.999991       181817    109226.67
       12.67     0.999992       181817    119156.36
       12.67     0.999992       181817    131072.00
       12.67     0.999993       181817    137970.53
       12.67     0.999993       181817    145635.56
       12.67     0.999994       181817    154202.35
       12.67     0.999994       181817    163840.00
       12.67     0.999994       181817    174762.67
       13.05     0.999995       181818    187245.71
       13.05     1.000000       181818          inf
#[Mean    =        0.911, StdDeviation   =        0.476]
#[Max     =       13.055, Total count    =       181818]
#[Buckets =           10, SubBuckets     =          256]
