       Value   Percentile   TotalCount 1/(1-Percentile)

        0.02     0.000000          468         1.00
        0.61     0.050000       101065         1.05
        0.64     0.100000       216585         1.11
        0.65     0.150000       314500         1.18
        0.66     0.200000       448885         1.25
        0.68     0.250000       544850         1.33
        0.69     0.300000       627323         1.43
        0.69     0.350000       708407         1.54
        0.72     0.400000       812345         1.67
        0.87     0.450000       910272         1.82
        0.94     0.500000      1009231         2.00
        0.97     0.525000      1063307         2.11
        0.99     0.550000      1102203         2.22
        1.03     0.575000      1158852         2.35
        1.08     0.600000      1202986         2.50
        1.14     0.625000      1259128         2.67
        1.16     0.650000      1302285         2.86
        1.18     0.675000      1358263         3.08
        1.20     0.700000      1400968         3.33
        1.22     0.725000      1471066         3.64
        1.24     0.750000      1520053         4.00
        1.25     0.762500      1544729         4.21
        1.25     0.775000      1569121         4.44
        1.26     0.787500      1593528         4.71
        1.27     0.800000      1617380         5.00
        1.28     0.812500      1640768         5.33
        1.29     0.825000      1663417         5.71
        1.29     0.837500      1685294         6.15
        1.30     0.850000      1706599         6.67
        1.31     0.862500      1727413         7.27
        1.33     0.875000      1766410         8.00
        1.33     0.881250      1766410         8.42
        1.33     0.887500      1784180         8.89
        1.34     0.893750      1801106         9.41
        1.34     0.900000      1801106        10.00
        1.35     0.906250      1816882        10.67
        1.36     0.912500      1831892        11.43
        1.37     0.918750      1846575        12.31
        1.38     0.925000      1861021        13.33
        1.38     0.931250      1874978        14.55
        1.39     0.937500      1888307        16.00
        1.39     0.940625      1888307        16.84
        1.39     0.943750      1888307        17.78
        1.40     0.946875      1901012        18.82
        1.40     0.950000      1901012        20.00
        1.41     0.953125      1912585        21.33
        1.41     0.956250      1912585        22.86
        1.42     0.959375      1923031        24.62
        1.42     0.962500      1932398        26.67
        1.42     0.965625      1932398        29.09
        1.43     0.968750      1940976        32.00
        1.43     0.970313      1940976        33.68
        1.44     0.971875      1947850        35.56
        1.44     0.973437      1947850        37.65
        1.45     0.975000      1953382        40.00
        1.45     0.976562      1953382        42.67
        1.46     0.978125      1958266        45.71
        1.46     0.979688      1962840        49.23
        1.46     0.981250      1962840        53.33
        1.47     0.982812      1967033        58.18
        1.48     0.984375      1970512        64.00
        1.48     0.985156      1970512        67.37
        1.49     0.985938      1973353        71.11
        1.50     0.986719      1975718        75.29
        1.50     0.987500      1975718        80.00
        1.50     0.988281      1977713        85.33
        1.51     0.989062      1979504        91.43
        1.52     0.989844      1981034        98.46
        1.53     0.990625      1982324       106.67
        1.53     0.991406      1983414       116.36
        1.55     0.992188      1985122       128.00
        1.56     0.992578      1985817       134.74
        1.57     0.992969      1986459       142.22
        1.57     0.993359      1986980       150.59
        1.59     0.993750      1987845       160.00
        1.61     0.994141      1988469       170.67
        1.63     0.994531      1989219       182.86
        1.66     0.994922      1989898       196.92
        1.70     0.995313      1990677       213.33
        1.74     0.995703      1991423       232.73
        1.78     0.996094      1992199       256.00
        1.81     0.996289      1992619       269.47
        1.83     0.996484      1993100       284.44
        1.85     0.996680      1993423       301.18
        1.87     0.996875      1993890       320.00
        1.89     0.997070      1994229       341.33
        1.90     0.997266      1994540       365.71
        1.93     0.997461      1994942       393.85
        1.95     0.997656      1995339       426.67
        1.98     0.997852      1995780       465.45
        2.02     0.998047      1996135       512.00
        2.03     0.998145      1996322       538.95
        2.06     0.998242      1996605       568.89
        2.08     0.998340      1996718       602.35
        2.11     0.998437      1996930       640.00
        2.14     0.998535      1997112       682.67
        2.19     0.998633      1997327       731.43
        2.24     0.998730      1997479       787.69
        2.32     0.998828      1997692       853.33
        2.40     0.998926      1997894       930.91
        2.46     0.999023      1998100      1024.00
        2.48     0.999072      1998161      1077.89
        2.51     0.999121      1998279      1137.78
        2.54     0.999170      1998366      1204.71
        2.58     0.999219      1998451      1280.00
        2.61     0.999268      1998538      1365.33
        2.65     0.999316      1998637      1462.86
        2.72     0.999365      1998762      1575.38
        2.78     0.999414      1998848      1706.67
        2.85     0.999463      1998927      1861.82
        2.96     0.999512      1999030      2048.00
        3.02     0.999536      1999077      2155.79
        3.12     0.999561      1999126      2275.56
        3.28     0.999585      1999172      2409.41
        3.76     0.999609      1999220      2560.00
        4.16     0.999634      1999269      2730.67
        4.42     0.999658      1999320      2925.71
        4.58     0.999683      1999367      3150.77
        4.74     0.999707      1999422      3413.33
        4.86     0.999731      1999476      3723.64
        4.96     0.999756      1999525      4096.00
        4.99     0.999768      1999542      4311.58
        5.05     0.999780      1999567      4551.11
        5.12     0.999792      1999595      4818.82
        5.15     0.999805      1999611      5120.00
        5.21     0.999817      1999637      5461.33
        5.31     0.999829      1999660      5851.43
        5.41     0.999841      1999685      6301.54
        5.54     0.999854      1999710      6826.67
        5.82     0.999866      1999736      7447.27
        6.01     0.999878      1999758      8192.00
        6.14     0.999884      1999771      8623.16
        6.24     0.999890      1999783      9102.22
        6.33     0.999896      1999795      9637.65
        6.43     0.999902      1999808     10240.00
        6.53     0.999908      1999818     10922.67
        6.72     0.999915      1999830     11702.86
        6.91     0.999921      1999842     12603.08
        7.07     0.999927      1999857     13653.33
        7.26     0.999933      1999866     14894.55
        7.52     0.999939      1999879     16384.00
        7.65     0.999942      1999889     17246.32
        7.68     0.999945      1999891     18204.44
        7.81     0.999948      1999898     19275.29
        7.93     0.999951      1999903     20480.00
        8.03     0.999954      1999910     21845.33
        8.13     0.999957      1999915     23405.71
        8.51     0.999960      1999921     25206.15
        9.09     0.999963      1999927     27306.67
       10.37     0.999966      1999934     29789.09
       10.49     0.999969      1999939     32768.00
       10.62     0.999971      1999944     34492.63
       10.69     0.999973      1999946     36408.89
       10.94     0.999974      1999950     38550.59
       11.01     0.999976      1999953     40960.00
       11.20     0.999977      1999959     43690.67
       11.20     0.999979      1999959     46811.43
       11.26     0.999980      1999961     50412.31
       11.46     0.999982      1999964     54613.33
       11.65     0.999983      1999968     59578.18
       11.71     0.999985      1999971     65536.00
       11.78     0.999986      1999972     68985.26
       11.84     0.999986      1999973     72817.78
       12.03     0.999987      1999975     77101.18
       12.10     0.999988      1999977     81920.00
       12.29     0.999989      1999978     87381.33
       12.35     0.999989      1999979     93622.86
       12.41     0.999990      1999981    100824.62
       12.48     0.999991      1999983    109226.67
       12.61     0.999992      1999985    119156.36
       12.61     0.999992      1999985    131072.00
       12.67     0.999993      1999986    137970.53
       12.99     0.999993      1999987    145635.56
       13.05     0.999994      1999988    154202.35
       13.05     0.999994      1999988    163840.00
       13.18     0.999994      1999990    174762.67
       13.18     0.999995      1999990    187245.71
       13.25     0.999995      1999993    201649.23
       13.25     0.999995      1999993    218453.33
       13.25     0.999996      1999993    238312.73
       13.25     0.999996      1999993    262144.00
       13.25     0.999996      1999993    275941.05
       13.31     0.999997      1999995    291271.11
       13.31     0.999997      1999995    308404.71
       13.31     0.999997      1999995    327680.00
       13.31     0.999997      1999995    349525.33
       13.31     0.999997      1999995    374491.43
       13.38     0.999998      1999997    403298.46
       13.38     0.999998      1999997    436906.67
       13.38     0.999998      1999997    476625.45
       13.38     0.999998      1999997    524288.00
       13.38     0.999998      1999997    551882.11
       13.38     0.999998      1999997    582542.22
       13.38     0.999998      1999997    616809.41
       13.38     0.999998      1999997    655360.00
       13.44     0.999999      1999998    699050.67
       13.44     0.999999      1999998    748982.86
       13.44     0.999999      1999998    806596.92
       13.44     0.999999      1999998    873813.33
       13.44     0.999999      1999998    953250.91
       13.50     0.999999      1999999   1048576.00
       13.50     0.999999      1999999   1103764.21
       13.50     0.999999      1999999   1165084.44
       13.50     0.999999      1999999   1233618.82
       13.50     0.999999      1999999   1310720.00
       13.50     0.999999      1999999   1398101.33
       13.50     0.999999      1999999   1497965.71
       13.50     0.999999      1999999   1613193.85
       13.50     0.999999      1999999   1747626.67
       13.50     0.999999      1999999   1906501.82
       29.31     1.000000      2000000   2097152.00
       29.31     1.000000      2000000          inf
#[Mean    =        0.956, StdDeviation   =        0.325]
#[Max     =       29.311, Total count    =      2000000]
#[Buckets =           10, SubBuckets     =          256]
