       Value   Percentile   TotalCount 1/(1-Percentile)

        0.36     0.000000            5         1.00
        0.41     0.050000       138553         1.05
        0.42     0.100000       203251         1.11
        0.45     0.150000       322505         1.18
        0.46     0.200000       371945         1.25
        0.48     0.250000       458704         1.33
        0.53     0.300000       549386         1.43
        0.60     0.350000       642533         1.54
        0.70     0.400000       729224         1.67
        0.76     0.450000       836455         1.82
        0.79     0.500000       924936         2.00
        0.81     0.525000       958912         2.11
        0.85     0.550000      1006217         2.22
        0.91     0.575000      1047789         2.35
        1.01     0.600000      1094794         2.50
        1.05     0.625000      1143560         2.67
        1.07     0.650000      1182247         2.86
        1.09     0.675000      1227640         3.08
        1.11     0.700000      1291612         3.33
        1.13     0.725000      1329268         3.64
        1.15     0.750000      1377704         4.00
        1.16     0.762500      1390544         4.21
        1.18     0.775000      1411175         4.44
        1.20     0.787500      1436479         4.71
        1.22     0.800000      1456589         5.00
        1.25     0.812500      1486574         5.33
        1.27     0.825000      1506691         5.71
        1.29     0.837500      1523164         6.15
        1.34     0.850000      1546280         6.67
        1.66     0.862500      1568352         7.27
        2.48     0.875000      1591021         8.00
        3.01     0.881250      1602354         8.42
        3.76     0.887500      1613704         8.89
        4.42     0.893750      1626101         9.41
        4.64     0.900000      1637790        10.00
        4.83     0.906250      1647931        10.67
        5.15     0.912500      1659873        11.43
        5.47     0.918750      1671582        12.31
        5.76     0.925000      1681900        13.33
        6.17     0.931250      1693667        14.55
        6.50     0.937500      1704785        16.00
        6.69     0.940625      1710699        16.84
        6.88     0.943750      1715936        17.78
        7.10     0.946875      1722083        18.82
        7.33     0.950000      1728029        20.00
        7.52     0.953125      1733060        21.33
        7.78     0.956250      1738916        22.86
        8.06     0.959375      1744519        24.62
        8.45     0.962500      1750764        26.67
        8.83     0.965625      1756543        29.09
        9.15     0.968750      1761445        32.00
        9.34     0.970313      1764400        33.68
        9.54     0.971875      1767354        35.56
        9.73     0.973437      1770366        37.65
        9.92     0.975000      1773368        40.00
       10.11     0.976562      1776251        42.67
       10.30     0.978125      1779016        45.71
       10.49     0.979688      1781614        49.23
       10.69     0.981250      1784183        53.33
       10.94     0.982812      1787400        58.18
       11.13     0.984375      1789802        64.00
       11.26     0.985156      1791202        67.37
       11.46     0.985938      1793265        71.11
       11.58     0.986719      1794546        75.29
       11.71     0.987500      1795768        80.00
       11.84     0.988281      1796903        85.33
       12.03     0.989062      1798537        91.43
       12.22     0.989844      1800106        98.46
       12.41     0.990625      1801539       106.67
       12.61     0.991406      1802923       116.36
       12.80     0.992188      1804104       128.00
       12.93     0.992578      1804863       134.74
       13.05     0.992969      1805570       142.22
       13.18     0.993359      1806223       150.59
       13.31     0.993750      1806878       160.00
       13.50     0.994141      1807707       170.67
       13.63     0.994531      1808259       182.86
       13.82     0.994922      1808993       196.92
       14.02     0.995313      1809676       213.33
       14.27     0.995703      1810500       232.73
       14.53     0.996094      1811198       256.00
       14.65     0.996289      1811515       269.47
       14.78     0.996484      1811828       284.44
       14.97     0.996680      1812250       301.18
       15.10     0.996875      1812530       320.00
       15.29     0.997070      1812861       341.33
       15.55     0.997266      1813284       365.71
       15.81     0.997461      1813635       393.85
       16.06     0.997656      1813967       426.67
       16.38     0.997852      1814292       465.45
       16.77     0.998047      1814641       512.00
       17.02     0.998145      1814836       538.95
       17.28     0.998242      1815003       568.89
       17.54     0.998340      1815165       602.35
       17.92     0.998437      1815382       640.00
       18.30     0.998535      1815571       682.67
       18.69     0.998633      1815728       731.43
       19.20     0.998730      1815875       787.69
       19.97     0.998828      1816064       853.33
       20.99     0.998926      1816247       930.91
       22.14     0.999023      1816417      1024.00
       23.04     0.999072      1816499      1077.89
       24.45     0.999121      1816586      1137.78
       24.96     0.999170      1816729      1204.71
       25.09     0.999219      1816797      1280.00
       25.21     0.999268      1816862      1365.33
       25.60     0.999316      1816946      1462.86
       26.11     0.999365      1817032      1575.38
       31.49     0.999414      1817118      1706.67
       38.40     0.999463      1817210      1861.82
       49.41     0.999512      1817302      2048.00
       50.17     0.999536      1817340      2155.79
       61.70     0.999561      1817383      2275.56
       72.70     0.999585      1817429      2409.41
       81.92     0.999609      1817474      2560.00
      100.35     0.999634      1817517      2730.67
      116.73     0.999658      1817563      2925.71
      128.00     0.999683      1817606      3150.77
      140.29     0.999707      1817652      3413.33
      150.53     0.999731      1817699      3723.64
      158.72     0.999756      1817743      4096.00
      160.77     0.999768      1817761      4311.58
      165.89     0.999780      1817788      4551.11
      169.98     0.999792      1817806      4818.82
      176.13     0.999805      1817827      5120.00
      184.32     0.999817      1817851      5461.33
      188.41     0.999829      1817872      5851.43
      193.53     0.999841      1817895      6301.54
      197.63     0.999854      1817922      6826.67
      200.70     0.999866      1817939      7447.27
      204.80     0.999878      1817961      8192.00
      206.85     0.999884      1817972      8623.16
      209.92     0.999890      1817988      9102.22
      212.99     0.999896      1817995      9637.65
      215.04     0.999902      1818009     10240.00
      218.11     0.999908      1818017     10922.67
      221.18     0.999915      1818027     11702.86
      224.25     0.999921      1818039     12603.08
      230.40     0.999927      1818049     13653.33
      233.47     0.999933      1818061     14894.55
      236.54     0.999939      1818073     16384.00
      238.59     0.999942      1818078     17246.32
      239.62     0.999945      1818084     18204.44
      240.64     0.999948      1818088     19275.29
      241.66     0.999951      1818094     20480.00
      246.78     0.999954      1818099     21845.33
      250.88     0.999957      1818105     23405.71
      252.93     0.999960      1818110     25206.15
      256.00     0.999963      1818117     27306.67
      259.07     0.999966      1818123     29789.09
      262.14     0.999969      1818127     32768.00
      264.19     0.999971      1818132     34492.63
      266.24     0.999973      1818138     36408.89
      266.24     0.999974      1818138     38550.59
      266.24     0.999976      1818138     40960.00
      268.29     0.999977      1818141     43690.67
      270.33     0.999979      1818147     46811.43
      270.33     0.999980      1818147     50412.31
      272.38     0.999982      1818154     54613.33
      272.38     0.999983      1818154     59578.18
      274.43     0.999985      1818156     65536.00
      274.43     0.999986      1818156     68985.26
      278.53     0.999986      1818161     72817.78
      278.53     0.999987      1818161     77101.18
      278.53     0.999988      1818161     81920.00
      280.57     0.999989      1818162     87381.33
      282.62     0.999989      1818164     93622.86
      282.62     0.999990      1818164    100824.62
      286.72     0.999991      1818166    109226.67
      288.77     0.999992      1818169    119156.36
      288.77     0.999992      1818169    131072.00
      288.77     0.999993      1818169    137970.53
      290.81     0.999993      1818170    145635.56
      292.86     0.999994      1818172    154202.35
      292.86     0.999994      1818172    163840.00
      292.86     0.999994      1818172    174762.67
      294.91     0.999995      1818173    187245.71
      294.91     0.999995      1818173    201649.23
      301.06     0.999995      1818174    218453.33
      305.15     0.999996      1818175    238312.73
      307.20     0.999996      1818176    262144.00
      307.20     0.999996      1818176    275941.05
      307.20     0.999997      1818176    291271.11
      313.34     0.999997      1818177    308404.71
      313.34     0.999997      1818177    327680.00
      313.34     0.999997      1818177    349525.33
      321.54     0.999997      1818179    374491.43
      321.54     0.999998      1818179    403298.46
      321.54     0.999998      1818179    436906.67
      321.54     0.999998      1818179    476625.45
      321.54     0.999998      1818179    524288.00
      321.54     0.999998      1818179    551882.11
      321.54     0.999998      1818179    582542.22
      327.68     0.999998      1818180    616809.41
      327.68     0.999998      1818180    655360.00
      327.68     0.999999      1818180    699050.67
      327.68     0.999999      1818180    748982.86
      327.68     0.999999      1818180    806596.92
      327.68     0.999999      1818180    873813.33
      374.78     0.999999      1818181    953250.91
      374.78     0.999999      1818181   1048576.00
      374.78     0.999999      1818181   1103764.21
      374.78     0.999999      1818181   1165084.44
      374.78     0.999999      1818181   1233618.82
      374.78     0.999999      1818181   1310720.00
      374.78     0.999999      1818181   1398101.33
      374.78     0.999999      1818181   1497965.71
      374.78     0.999999      1818181   1613193.85
      374.78     0.999999      1818181   1747626.67
      382.98     0.999999      1818182   1906501.82
      382.98     1.000000      1818182          inf
#[Mean    =        1.659, StdDeviation   =        4.459]
#[Max     =      382.975, Total count    =      1818182]
#[Buckets =           10, SubBuckets     =          256]
