       Value   Percentile   TotalCount 1/(1-Percentile)

        0.02     0.000000         6645         1.00
        0.03     0.050000         9553         1.05
        0.47     0.100000        21114         1.11
        0.48     0.150000        27353         1.18
        0.53     0.200000        37458         1.25
        0.57     0.250000        46601         1.33
        0.67     0.300000        57570         1.43
        0.68     0.350000        64101         1.54
        0.69     0.400000        73664         1.67
        0.76     0.450000        82814         1.82
        0.81     0.500000        91885         2.00
        0.84     0.525000        95998         2.11
        0.89     0.550000       100706         2.22
        0.91     0.575000       105070         2.35
        0.94     0.600000       109918         2.50
        0.97     0.625000       113963         2.67
        1.10     0.650000       118679         2.86
        1.13     0.675000       123656         3.08
        1.14     0.700000       127737         3.33
        1.17     0.725000       132153         3.64
        1.19     0.750000       136572         4.00
        1.21     0.762500       139294         4.21
        1.22     0.775000       141200         4.44
        1.25     0.787500       143620         4.71
        1.29     0.800000       145463         5.00
        1.43     0.812500       147780         5.33
        1.50     0.825000       150273         5.71
        1.53     0.837500       152568         6.15
        1.57     0.850000       154565         6.67
        1.96     0.862500       156828         7.27
        3.28     0.875000       159104         8.00
        4.32     0.881250       160258         8.42
        4.89     0.887500       161474         8.89
        5.12     0.893750       162678         9.41
        5.28     0.900000       163659        10.00
        5.60     0.906250       164852        10.67
        5.92     0.912500       166005        11.43
        6.24     0.918750       167048        12.31
        6.66     0.925000       168272        13.33
        6.97     0.931250       169414        14.55
        7.33     0.937500       170460        16.00
        7.55     0.940625       171108        16.84
        7.74     0.943750       171614        17.78
        7.97     0.946875       172213        18.82
        8.26     0.950000       172799        20.00
        8.57     0.953125       173379        21.33
        8.89     0.956250       173884        22.86
        9.21     0.959375       174432        24.62
        9.60     0.962500       175099        26.67
        9.92     0.965625       175625        29.09
       10.24     0.968750       176214        32.00
       10.37     0.970313       176435        33.68
       10.56     0.971875       176778        35.56
       10.75     0.973437       177078        37.65
       10.88     0.975000       177276        40.00
       11.07     0.976562       177565        42.67
       11.26     0.978125       177851        45.71
       11.46     0.979688       178128        49.23
       11.71     0.981250       178435        53.33
       11.97     0.982812       178765        58.18
       12.16     0.984375       178978        64.00
       12.35     0.985156       179163        67.37
       12.48     0.985938       179279        71.11
       12.61     0.986719       179414        75.29
       12.80     0.987500       179581        80.00
       12.99     0.988281       179733        85.33
       13.12     0.989062       179844        91.43
       13.31     0.989844       179992        98.46
       13.50     0.990625       180122       106.67
       13.76     0.991406       180256       116.36
       14.02     0.992188       180404       128.00
       14.21     0.992578       180503       134.74
       14.34     0.992969       180553       142.22
       14.53     0.993359       180625       150.59
       14.72     0.993750       180699       160.00
       14.91     0.994141       180766       170.67
       15.10     0.994531       180829       182.86
       15.36     0.994922       180913       196.92
       15.55     0.995313       180985       213.33
       15.81     0.995703       181048       232.73
       16.19     0.996094       181116       256.00
       16.38     0.996289       181148       269.47
       16.64     0.996484       181193       284.44
       16.89     0.996680       181227       301.18
       17.02     0.996875       181250       320.00
       17.28     0.997070       181286       341.33
       17.66     0.997266       181328       365.71
       17.92     0.997461       181358       393.85
       18.43     0.997656       181396       426.67
       18.94     0.997852       181429       465.45
       19.58     0.998047       181468       512.00
       19.84     0.998145       181485       538.95
       20.09     0.998242       181501       568.89
       20.61     0.998340       181517       602.35
       21.12     0.998437       181537       640.00
       21.50     0.998535       181552       682.67
       22.14     0.998633       181571       731.43
       23.17     0.998730       181591       787.69
       23.68     0.998828       181607       853.33
       24.06     0.998926       181623       930.91
       24.96     0.999023       181641      1024.00
       25.86     0.999072       181651      1077.89
       26.50     0.999121       181660      1137.78
       26.88     0.999170       181669      1204.71
       27.77     0.999219       181678      1280.00
       28.41     0.999268       181685      1365.33
       30.08     0.999316       181694      1462.86
       33.79     0.999365       181703      1575.38
       38.40     0.999414       181712      1706.67
       42.75     0.999463       181721      1861.82
       62.72     0.999512       181730      2048.00
       68.09     0.999536       181734      2155.79
       77.31     0.999561       181739      2275.56
       94.21     0.999585       181743      2409.41
      110.59     0.999609       181749      2560.00
      124.93     0.999634       181752      2730.67
      135.17     0.999658       181756      2925.71
      141.31     0.999683       181761      3150.77
      150.53     0.999707       181767      3413.33
      158.72     0.999731       181771      3723.64
      161.79     0.999756       181775      4096.00
      164.86     0.999768       181776      4311.58
      169.98     0.999780       181779      4551.11
      173.06     0.999792       181781      4818.82
      181.25     0.999805       181783      5120.00
      186.37     0.999817       181785      5461.33
      190.46     0.999829       181787      5851.43
      195.58     0.999841       181790      6301.54
      197.63     0.999854       181793      6826.67
      198.66     0.999866       181794      7447.27
      204.80     0.999878       181796      8192.00
      208.90     0.999884       181797      8623.16
      214.01     0.999890       181799      9102.22
      215.04     0.999896       181800      9637.65
      216.06     0.999902       181801     10240.00
      219.13     0.999908       181802     10922.67
      225.28     0.999915       181803     11702.86
      226.30     0.999921       181804     12603.08
      229.38     0.999927       181805     13653.33
      232.45     0.999933       181806     14894.55
      235.52     0.999939       181807     16384.00
      238.59     0.999942       181808     17246.32
      241.66     0.999945       181809     18204.44
      241.66     0.999948       181809     19275.29
      242.69     0.999951       181810     20480.00
      242.69     0.999954       181810     21845.33
      268.29     0.999957       181812     23405.71
      268.29     0.999960       181812     25206.15
      268.29     0.999963       181812     27306.67
      268.29     0.999966       181812     29789.09
      274.43     0.999969       181813     32768.00
      274.43     0.999971       181813     34492.63
      280.57     0.999973       181814     36408.89
      280.57     0.999974       181814     38550.59
      280.57     0.999976       181814     40960.00
      280.57     0.999977       181814     43690.67
      282.62     0.999979       181816     46811.43
      282.62     0.999980       181816     50412.31
      282.62     0.999982       181816     54613.33
      282.62     0.999983       181816     59578.18
      282.62     0.999985       181816     65536.00
      282.62     0.999986       181816     68985.26
      282.62     0.999986       181816     72817.78
      282.62     0.999987       181816     77101.18
      282.62     0.999988       181816     81920.00
      282.62     0.999989       181816     87381.33
      296.96     0.999989       181817     93622.86
      296.96     0.999990       181817    100824.62
      296.96     0.999991       181817    109226.67
      296.96     0.999992       181817    119156.36
      296.96     0.999992       181817    131072.00
      296.96     0.999993       181817    137970.53
      296.96     0.999993       181817    145635.56
      296.96     0.999994       181817    154202.35
      296.96     0.999994       181817    163840.00
      296.96     0.999994       181817    174762.67
      319.49     0.999995       181818    187245.71
      319.49     1.000000       181818          inf
#[Mean    =        1.800, StdDeviation   =        4.777]
#[Max     =      319.487, Total count    =       181818]
#[Buckets =           10, SubBuckets     =          256]
