       Value   Percentile   TotalCount 1/(1-Percentile)

        0.02     0.000000         6645         1.00
        0.40     0.050000       102302         1.05
        0.42     0.100000       220610         1.11
        0.45     0.150000       339870         1.18
        0.46     0.200000       429747         1.25
        0.49     0.250000       500240         1.33
        0.54     0.300000       608976         1.43
        0.61     0.350000       708010         1.54
        0.70     0.400000       805092         1.67
        0.76     0.450000       919269         1.82
        0.79     0.500000      1014233         2.00
        0.81     0.525000      1050797         2.11
        0.85     0.550000      1102974         2.22
        0.91     0.575000      1152859         2.35
        0.99     0.600000      1200465         2.50
        1.05     0.625000      1260470         2.67
        1.08     0.650000      1322224         2.86
        1.09     0.675000      1368324         3.08
        1.11     0.700000      1411459         3.33
        1.13     0.725000      1452924         3.64
        1.15     0.750000      1507114         4.00
        1.17     0.762500      1533626         4.21
        1.18     0.775000      1555283         4.44
        1.21     0.787500      1583049         4.71
        1.23     0.800000      1604374         5.00
        1.25     0.812500      1630194         5.33
        1.27     0.825000      1651142         5.71
        1.30     0.837500      1679348         6.15
        1.39     0.850000      1700713         6.67
        1.70     0.862500      1725267         7.27
        2.51     0.875000      1750165         8.00
        3.09     0.881250      1762518         8.42
        3.87     0.887500      1775149         8.89
        4.45     0.893750      1787816         9.41
        4.67     0.900000      1800515        10.00
        4.93     0.906250      1813390        10.67
        5.21     0.912500      1825446        11.43
        5.54     0.918750      1838680        12.31
        5.86     0.925000      1850596        13.33
        6.24     0.931250      1862733        14.55
        6.59     0.937500      1875940        16.00
        6.78     0.940625      1882000        16.84
        6.97     0.943750      1887979        17.78
        7.17     0.946875      1893809        18.82
        7.39     0.950000      1900360        20.00
        7.62     0.953125      1906648        21.33
        7.87     0.956250      1912798        22.86
        8.16     0.959375      1918770        24.62
        8.51     0.962500      1925008        26.67
        8.89     0.965625      1931387        29.09
        9.28     0.968750      1937927        32.00
        9.47     0.970313      1941287        33.68
        9.66     0.971875      1944519        35.56
        9.86     0.973437      1947890        37.65
        9.98     0.975000      1950058        40.00
       10.18     0.976562      1953274        42.67
       10.37     0.978125      1956317        45.71
       10.62     0.979688      1960178        49.23
       10.81     0.981250      1962932        53.33
       11.01     0.982812      1965680        58.18
       11.26     0.984375      1969053        64.00
       11.39     0.985156      1970640        67.37
       11.52     0.985938      1972160        71.11
       11.65     0.986719      1973525        75.29
       11.84     0.987500      1975512        80.00
       11.97     0.988281      1976749        85.33
       12.16     0.989062      1978552        91.43
       12.29     0.989844      1979715        98.46
       12.48     0.990625      1981297       106.67
       12.73     0.991406      1983230       116.36
       12.93     0.992188      1984541       128.00
       13.05     0.992578      1985354       134.74
       13.18     0.992969      1986128       142.22
       13.31     0.993359      1986870       150.59
       13.44     0.993750      1987546       160.00
       13.63     0.994141      1988456       170.67
       13.82     0.994531      1989292       182.86
       14.02     0.994922      1990080       196.92
       14.21     0.995313      1990796       213.33
       14.40     0.995703      1991415       232.73
       14.65     0.996094      1992189       256.00
       14.85     0.996289      1992708       269.47
       14.97     0.996484      1993041       284.44
       15.17     0.996680      1993493       301.18
       15.29     0.996875      1993754       320.00
       15.55     0.997070      1994269       341.33
       15.74     0.997266      1994570       365.71
       16.00     0.997461      1994974       393.85
       16.32     0.997656      1995370       426.67
       16.64     0.997852      1995723       465.45
       17.15     0.998047      1996172       512.00
       17.41     0.998145      1996394       538.95
       17.66     0.998242      1996574       568.89
       17.92     0.998340      1996740       602.35
       18.18     0.998437      1996888       640.00
       18.56     0.998535      1997075       682.67
       19.07     0.998633      1997276       731.43
       19.71     0.998730      1997477       787.69
       20.48     0.998828      1997673       853.33
       21.38     0.998926      1997858       930.91
       22.66     0.999023      1998048      1024.00
       23.68     0.999072      1998155      1077.89
       24.70     0.999121      1998259      1137.78
       24.96     0.999170      1998370      1204.71
       25.09     0.999219      1998439      1280.00
       25.47     0.999268      1998552      1365.33
       25.73     0.999316      1998637      1462.86
       27.14     0.999365      1998735      1575.38
       32.77     0.999414      1998829      1706.67
       38.66     0.999463      1998932      1861.82
       49.41     0.999512      1999028      2048.00
       50.43     0.999536      1999073      2155.79
       66.56     0.999561      1999124      2275.56
       73.22     0.999585      1999171      2409.41
       82.94     0.999609      1999222      2560.00
      103.94     0.999634      1999268      2730.67
      117.76     0.999658      1999317      2925.71
      131.07     0.999683      1999368      3150.77
      141.31     0.999707      1999417      3413.33
      150.53     0.999731      1999466      3723.64
      158.72     0.999756      1999514      4096.00
      161.79     0.999768      1999544      4311.58
      165.89     0.999780      1999564      4551.11
      169.98     0.999792      1999585      4818.82
      177.15     0.999805      1999612      5120.00
      184.32     0.999817      1999634      5461.33
      189.44     0.999829      1999664      5851.43
      194.56     0.999841      1999688      6301.54
      197.63     0.999854      1999715      6826.67
      200.70     0.999866      1999733      7447.27
      204.80     0.999878      1999757      8192.00
      207.87     0.999884      1999771      8623.16
      209.92     0.999890      1999785      9102.22
      212.99     0.999896      1999793      9637.65
      215.04     0.999902      1999809     10240.00
      218.11     0.999908      1999818     10922.67
      222.21     0.999915      1999832     11702.86
      225.28     0.999921      1999843     12603.08
      230.40     0.999927      1999854     13653.33
      233.47     0.999933      1999867     14894.55
      236.54     0.999939      1999880     16384.00
      238.59     0.999942      1999886     17246.32
      239.62     0.999945      1999892     18204.44
      241.66     0.999948      1999903     19275.29
      241.66     0.999951      1999903     20480.00
      246.78     0.999954      1999909     21845.33
      250.88     0.999957      1999915     23405.71
      253.95     0.999960      1999925     25206.15
      256.00     0.999963      1999927     27306.67
      259.07     0.999966      1999933     29789.09
      264.19     0.999969      1999942     32768.00
      266.24     0.999971      1999948     34492.63
      266.24     0.999973      1999948     36408.89
      268.29     0.999974      1999953     38550.59
      268.29     0.999976      1999953     40960.00
      270.33     0.999977      1999959     43690.67
      270.33     0.999979      1999959     46811.43
      272.38     0.999980      1999966     50412.31
      272.38     0.999982      1999966     54613.33
      274.43     0.999983      1999969     59578.18
      276.48     0.999985      1999970     65536.00
      278.53     0.999986      1999974     68985.26
      278.53     0.999986      1999974     72817.78
      280.57     0.999987      1999976     77101.18
      280.57     0.999988      1999976     81920.00
      282.62     0.999989      1999980     87381.33
      282.62     0.999989      1999980     93622.86
      286.72     0.999990      1999982    100824.62
      286.72     0.999991      1999982    109226.67
      288.77     0.999992      1999985    119156.36
      288.77     0.999992      1999985    131072.00
      290.81     0.999993      1999986    137970.53
      292.86     0.999993      1999988    145635.56
      292.86     0.999994      1999988    154202.35
      292.86     0.999994      1999988    163840.00
      294.91     0.999994      1999989    174762.67
      296.96     0.999995      1999990    187245.71
      301.06     0.999995      1999991    201649.23
      301.06     0.999995      1999991    218453.33
      305.15     0.999996      1999992    238312.73
      307.20     0.999996      1999993    262144.00
      307.20     0.999996      1999993    275941.05
      313.34     0.999997      1999994    291271.11
      313.34     0.999997      1999994    308404.71
      313.34     0.999997      1999994    327680.00
      319.49     0.999997      1999995    349525.33
      319.49     0.999997      1999995    374491.43
      321.54     0.999998      1999997    403298.46
      321.54     0.999998      1999997    436906.67
      321.54     0.999998      1999997    476625.45
      321.54     0.999998      1999997    524288.00
      321.54     0.999998      1999997    551882.11
      321.54     0.999998      1999997    582542.22
      321.54     0.999998      1999997    616809.41
      321.54     0.999998      1999997    655360.00
      327.68     0.999999      1999998    699050.67
      327.68     0.999999      1999998    748982.86
      327.68     0.999999      1999998    806596.92
      327.68     0.999999      1999998    873813.33
      327.68     0.999999      1999998    953250.91
      374.78     0.999999      1999999   1048576.00
      374.78     0.999999      1999999   1103764.21
      374.78     0.999999      1999999   1165084.44
      374.78     0.999999      1999999   1233618.82
      374.78     0.999999      1999999   1310720.00
      374.78     0.999999      1999999   1398101.33
      374.78     0.999999      1999999   1497965.71
      374.78     0.999999      1999999   1613193.85
      374.78     0.999999      1999999   1747626.67
      374.78     0.999999      1999999   1906501.82
      382.98     1.000000      2000000   2097152.00
      382.98     1.000000      2000000          inf
#[Mean    =        1.672, StdDeviation   =        4.489]
#[Max     =      382.975, Total count    =      2000000]
#[Buckets =           10, SubBuckets     =          256]
